Run semi-empirical minimization
 &qmmm
    qm_theory='AM1', grms_tol=0.0005,
  scfconv=1.d-10,   qmcharge=0,
 /
   6     C       -2.7490        8.5080        2.5290 
   6    C1        0.1980        1.1020       -1.2040 
   6    C2        1.3760        1.7690       -0.8770 
   6    C3        1.3230        2.9960       -0.2420 
   6    C4        0.0870        3.5670        0.0710 
   6    C5       -1.0930        2.8950       -0.2580 
   6    C6       -1.0350        1.6690       -0.8930 
   8     O       -2.1840        1.0150       -1.2140 
   6    C7        0.0280        4.8760        0.7500 
   8    O1        1.0560        5.4590        1.0360 
   7     N       -1.1650        5.4260        1.0510 
   1     H       -1.9850        4.9610        0.8230 
   6    C8       -1.2240        6.7260        1.7250 
   6    C9       -3.2650        1.8390       -0.7730 
   6   C10       -4.5940        1.1570       -1.1060 
   6   C11       -5.7520        2.0390       -0.6340 
   6   C12       -7.0800        1.3580       -0.9670 
   6   C13       -8.2380        2.2400       -0.4940 
   6   C14       -9.5670        1.5580       -0.8280 
   6   C15      -10.7250        2.4400       -0.3550 
   6   C16      -12.0530        1.7590       -0.6880 
   6   C17      -13.2110        2.6400       -0.2160 
   6   C18      -14.5400        1.9590       -0.5490 
   6   C19      -15.6980        2.8410       -0.0770 
   6   C20      -17.0070        2.1700       -0.4050 
   8    O2      -17.0130        1.0960       -0.9590 
   8    O3      -18.1660        2.7650       -0.0800 
   6   C21      -19.3440        2.1600       -0.3760 
   6   C22      -20.4810        2.7440       -0.0580 
   8    O4        0.2520       -0.1010       -1.8330 
   6   C23        0.2900       -1.1000       -0.8120 
   6   C24        0.3520       -2.4860       -1.4560 
   6   C25        0.3930       -3.5550       -0.3630 
   6   C26        0.4550       -4.9420       -1.0070 
   6   C27        0.4960       -6.0110        0.0870 
   6   C28        0.5580       -7.3970       -0.5580 
   6   C29        0.5980       -8.4670        0.5360 
   6   C30        0.6610       -9.8530       -0.1080 
   6   C31        0.7010      -10.9220        0.9850 
   6   C32        0.7630      -12.3080        0.3410 
   6   C33        0.8040      -13.3780        1.4340 
   6   C34        0.8650      -14.7430        0.8000 
   8    O5        0.8750      -14.8500       -0.4040 
   8    O6        0.9080      -15.8410        1.5720 
   6   C35        0.9640      -17.0710        1.0000 
   6   C36        1.0060      -18.1470        1.7570 
   8    O7        2.5790        1.2130       -1.1810 
   6   C37        3.5820        2.1230       -0.7260 
   6   C38        4.9670        1.5540       -1.0400 
   6   C39        6.0410        2.5290       -0.5520 
   6   C40        7.4260        1.9600       -0.8660 
   6   C41        8.5000        2.9340       -0.3790 
   6   C42        9.8850        2.3650       -0.6920 
   6   C43       10.9590        3.3400       -0.2050 
   6   C44       12.3450        2.7710       -0.5190 
   6   C45       13.4190        3.7450       -0.0310 
   6   C46       14.8040        3.1760       -0.3450 
   6   C47       15.8780        4.1510        0.1430 
   6   C48       17.2420        3.5900       -0.1670 
   8    O8       17.3450        2.5210       -0.7200 
   8    O9       18.3440        4.2790        0.1730 
   6   C49       19.5720        3.7740       -0.1050 
   6   C50       20.6520        4.4500        0.2280 
   6   C51       -2.6860        7.1180        1.9490 
   6   C52       -3.3360        6.1300        2.9200 
   8   O10       -1.7300        9.1210        2.7420 
   8   O11       -3.9380        9.0660        2.8050 
   1    H1        2.2370        3.5130        0.0120 
   1    H2       -2.0500        3.3340       -0.0170 
   1    H3       -0.7140        6.6600        2.6860 
   1    H4       -0.7370        7.4780        1.1050 
   1    H5       -3.1930        1.9870        0.3040 
   1    H6       -3.2150        2.8040       -1.2770 
   1    H7       -4.6660        1.0090       -2.1840 
   1    H8       -4.6430        0.1920       -0.6030 
   1    H9       -5.6790        2.1870        0.4440 
   1   H10       -5.7020        3.0050       -1.1370 
   1   H11       -7.1530        1.2100       -2.0440 
   1   H12       -7.1300        0.3920       -0.4630 
   1   H13       -8.1660        2.3880        0.5830 
   1   H14       -8.1890        3.2050       -0.9980 
   1   H15       -9.6390        1.4100       -1.9050 
   1   H16       -9.6170        0.5930       -0.3240 
   1   H17      -10.6520        2.5880        0.7220 
   1   H18      -10.6750        3.4050       -0.8590 
   1   H19      -12.1260        1.6100       -1.7660 
   1   H20      -12.1030        0.7930       -0.1850 
   1   H21      -13.1390        2.7880        0.8620 
   1   H22      -13.1620        3.6060       -0.7190 
   1   H23      -14.6120        1.8110       -1.6260 
   1   H24      -14.5900        0.9940       -0.0450 
   1   H25      -15.6250        2.9890        1.0010 
   1   H26      -15.6480        3.8060       -0.5800 
   1   H27      -19.3500        1.2010       -0.8720 
   1   H28      -21.4190        2.2630       -0.2930 
   1   H29      -20.4760        3.7030        0.4380 
   1   H30        1.1720       -0.9490       -0.1890 
   1   H31       -0.6070       -1.0250       -0.1970 
   1   H32       -0.5290       -2.6370       -2.0790 
   1   H33        1.2490       -2.5610       -2.0710 
   1   H34        1.2740       -3.4040        0.2610 
   1   H35       -0.5040       -3.4800        0.2520 
   1   H36       -0.4260       -5.0930       -1.6300 
   1   H37        1.3520       -5.0170       -1.6220 
   1   H38        1.3770       -5.8600        0.7100 
   1   H39       -0.4010       -5.9360        0.7020 
   1   H40       -0.3240       -7.5480       -1.1810 
   1   H41        1.4550       -7.4720       -1.1730 
   1   H42        1.4800       -8.3160        1.1590 
   1   H43       -0.2980       -8.3920        1.1510 
   1   H44       -0.2210      -10.0040       -0.7320 
   1   H45        1.5570       -9.9280       -0.7230 
   1   H46        1.5830      -10.7710        1.6080 
   1   H47       -0.1960      -10.8470        1.6000 
   1   H48       -0.1180      -12.4590       -0.2820 
   1   H49        1.6600      -12.3830       -0.2740 
   1   H50        1.6850      -13.2270        2.0580 
   1   H51       -0.0930      -13.3030        2.0490 
   1   H52        0.9730      -17.1660       -0.0750 
   1   H53        1.0500      -19.1260        1.3030 
   1   H54        0.9970      -18.0520        2.8330 
   1   H55        3.4590        3.0810       -1.2310 
   1   H56        3.4820        2.2640        0.3500 
   1   H57        5.0890        0.5960       -0.5350 
   1   H58        5.0660        1.4130       -2.1160 
   1   H59        5.9190        3.4870       -1.0570 
   1   H60        5.9420        2.6700        0.5240 
   1   H61        7.5480        1.0020       -0.3610 
   1   H62        7.5250        1.8180       -1.9420 
   1   H63        8.3780        3.8920       -0.8840 
   1   H64        8.4010        3.0750        0.6980 
   1   H65       10.0080        1.4070       -0.1870 
   1   H66        9.9850        2.2240       -1.7690 
   1   H67       10.8370        4.2980       -0.7100 
   1   H68       10.8600        3.4810        0.8710 
   1   H69       12.4670        1.8130       -0.0140 
   1   H70       12.4440        2.6290       -1.5950 
   1   H71       13.2960        4.7030       -0.5360 
   1   H72       13.3190        3.8860        1.0450 
   1   H73       14.9260        2.2180        0.1600 
   1   H74       14.9030        3.0350       -1.4210 
   1   H75       15.7560        5.1090       -0.3620 
   1   H76       15.7780        4.2920        1.2190 
   1   H77       19.6640        2.8190       -0.6000 
   1   H78       21.6300        4.0480        0.0060 
   1   H79       20.5610        5.4060        0.7230 
   1   H80       -3.2180        7.0970        0.9980 
   1   H81       -2.8040        6.1510        3.8710 
   1   H82       -4.3770        6.4100        3.0790 
   1   H83       -3.2900        5.1250        2.5000 
   1   H84       -3.9790        9.9580        3.1780 

