Run semi-empirical minimization
 &qmmm
    qm_theory='AM1', grms_tol=0.0005,
  scfconv=1.d-10,   qmcharge=-2,
 /
   6     C      -22.7540      -21.6130       16.1850 
   6    C1      -22.1560      -20.3540       16.0090 
   6    C2      -21.6010      -19.9990       14.7640 
   6    C3      -21.5770      -20.9420       13.7130 
   6    C4      -22.1800      -22.2040       13.9020 
   6    C5      -22.7880      -22.5590       15.1330 
   6    C6      -14.9460      -20.8240      -11.9280 
   6    C7      -14.4120      -20.2850      -13.1800 
   6    C8      -15.0640      -20.9510      -14.4450 
   6    C9      -15.4140      -22.3520      -14.2170 
   6   C10      -15.6270      -22.8700      -12.9860 
   6   C11      -15.5060      -22.0490      -11.8870 
   8     O      -22.1280      -19.4710       17.0480 
   8    O1      -21.0520      -18.7560       14.5970 
   8    O2      -20.9780      -20.6300       12.5160 
   8    O3      -14.8470      -20.1170      -10.7840 
   8    O4      -14.5710      -18.8460      -13.1640 
   8    O5      -16.2420      -20.2020      -14.8200 
   6   C12      -20.9320      -19.5810       17.8470 
   6   C13      -20.9370      -18.4530       18.9010 
   6   C14      -20.9390      -17.0370       18.2640 
   6   C15      -20.8940      -15.9130       19.3320 
   6   C16      -20.9010      -14.4960       18.7020 
   6   C17      -20.8980      -13.3660       19.7660 
   6   C18      -20.8850      -11.9570       19.1160 
   6   C19      -20.8940      -10.8040       20.1550 
   6   C20      -20.8360       -9.4090       19.4770 
   6   C21      -21.0150       -8.2330       20.4730 
   6   C22      -20.7820       -6.8490       19.8090 
   6   C23      -21.9750      -17.7880       14.0530 
   6   C24      -21.2520      -16.4330       13.8750 
   6   C25      -20.0980      -16.5130       12.8370 
   6   C26      -19.4250      -15.1390       12.5770 
   6   C27      -18.2540      -15.2400       11.5620 
   6   C28      -17.5420      -13.8840       11.3030 
   6   C29      -16.3450      -14.0520       10.3300 
   6   C30      -15.5500      -12.7500       10.0480 
   6   C31      -14.3840      -12.9890        9.0520 
   6   C32      -13.5760      -11.6750        8.7200 
   6   C33      -12.4340      -11.7040        7.6430 
   6   C34      -19.5620      -20.9260       12.5160 
   6   C35      -18.9040      -20.5210       11.1710 
   6   C36      -17.3750      -20.8030       11.1660 
   6   C37      -16.6660      -20.4700        9.8240 
   6   C38      -15.1580      -20.8460        9.8620 
   6   C39      -14.4030      -20.6040        8.5260 
   6   C40      -12.9280      -21.1000        8.5940 
   6   C41      -12.1350      -20.8520        7.2830 
   6   C42      -10.7030      -21.4620        7.2770 
   6   C43       -9.8990      -21.0310        6.0170 
   6   C44       -8.5210      -21.7310        5.8420 
   6   C45      -13.6170      -20.3660      -10.0670 
   6   C46      -13.6170      -19.6090       -8.7160 
   6   C47      -12.3180      -19.8750       -7.9050 
   6   C48      -12.2550      -19.1570       -6.5260 
   6   C49      -10.9460      -19.5100       -5.7630 
   6   C50      -10.7700      -18.8120       -4.3840 
   6   C51       -9.4310      -19.2320       -3.7070 
   6   C52       -9.1450      -18.5310       -2.3520 
   6   C53       -7.7890      -18.9670       -1.7260 
   6   C54       -7.4990      -18.2450       -0.3820 
   6   C55       -6.1790      -18.6870        0.2920 
   6   C56      -13.7980      -18.1150      -14.1360 
   6   C57      -14.0800      -16.6050      -13.9740 
   6   C58      -13.3560      -15.7600      -15.0530 
   6   C59      -13.6270      -14.2390      -14.9050 
   6   C60      -12.9880      -13.4240      -16.0590 
   6   C61      -13.1760      -11.8890      -15.9120 
   6   C62      -12.5270      -11.1340      -17.1030 
   6   C63      -12.6450       -9.5880      -17.0390 
   6   C64      -11.9190       -8.9250      -18.2430 
   6   C65      -12.1290       -7.3920      -18.3630 
   6   C66      -11.2740       -6.7610      -19.5010 
   6   C67      -16.7620      -20.4230      -16.1500 
   6   C68      -17.9560      -19.4720      -16.3910 
   6   C69      -17.5450      -17.9740      -16.3970 
   6   C70      -18.7500      -17.0450      -16.6900 
   6   C71      -18.3440      -15.5510      -16.7750 
   6   C72      -19.5550      -14.6260      -17.0720 
   6   C73      -19.1390      -13.1350      -17.1860 
   6   C74      -20.3260      -12.1860      -17.5050 
   6   C75      -19.8850      -10.6990      -17.5880 
   6   C76      -21.0080       -9.7430      -18.0780 
   6   C77      -20.6160       -8.2400      -17.9890 
   8    O6      -21.7110       -5.8720       20.3000 
   8    O7      -11.8640      -10.3530        7.4780 
   8    O8       -7.4160      -20.8110        5.8910 
   8    O9       -6.0780      -18.0370        1.5640 
   8   O10      -11.9950       -5.7390      -20.2100 
   8   O11      -21.1110       -7.4970      -19.1140 
   6   C78      -21.5720       -4.5110       20.2310 
   6   C79      -10.8820       -9.7950        6.6390 
   6   C80       -6.0980      -21.1350        5.6800 
   6   C81       -5.0340      -18.1900        2.4200 
   6   C82      -11.4510       -4.7400      -20.9770 
   6   C83      -21.2900       -6.1400      -19.1930 
   8   O12      -20.4980       -4.0050       19.8280 
   8   O13       -9.8510       -9.3550        7.1950 
   8   O14       -5.7820      -22.3050        5.3560 
   6   C84      -22.5840       -3.6630       20.6330 
   6   C85      -23.8560       -4.0450       20.8040 
   6   C86      -11.0320       -9.6530        5.2750 
   6   C87      -12.1580       -9.9230        4.6050 
   6   C88       -5.0280      -20.1120        5.8190 
   6   C89       -4.9400      -19.6040        7.2840 
   8   O15       -4.1650      -17.2890        2.4700 
   6   C90       -4.9710      -19.3430        3.3390 
   6   C91       -5.2300      -18.9350        4.8150 
   8   O16      -10.2090       -4.5720      -21.0070 
   6   C92      -12.2420       -3.8730      -21.7080 
   8   O17      -21.1600       -5.4230      -18.1730 
   6   C93      -21.6520       -5.5320      -20.3790 
   6   C94      -21.5550       -6.1200      -21.5770 
   6   C95      -13.5220       -4.1070      -22.0180 
   8   O18      -23.9330      -24.2230       16.5080 
   6   C96      -23.4120      -23.8210       15.3230 
   8   O19      -23.4180      -24.6730       14.4050 
   8   O20      -16.0700      -25.0740      -13.8830 
   6   C97      -15.9650      -24.2240      -12.8310 
   8   O21      -16.1670      -24.7510      -11.7120 
   1     H      -23.1620      -21.8290       17.0970 
   1    H1      -22.1590      -22.8690       13.1250 
   1    H2      -13.3450      -20.5340      -13.1640 
   1    H3      -14.3220      -20.9040      -15.2500 
   1    H4      -15.5050      -22.9230      -15.0260 
   1    H5      -15.8340      -22.3640      -11.0020 
   1    H6      -20.9080      -20.5450       18.3670 
   1    H7      -20.0230      -19.4920       17.2400 
   1    H8      -20.0510      -18.5680       19.5320 
   1    H9      -21.8240      -18.5680       19.5320 
   1   H10      -21.8450      -16.9140       17.6620 
   1   H11      -20.0750      -16.9370       17.6010 
   1   H12      -21.7610      -16.0170       19.9910 
   1   H13      -19.9880      -16.0310       19.9340 
   1   H14      -21.7890      -14.3900       18.0730 
   1   H15      -20.0180      -14.3900       18.0650 
   1   H16      -20.0160      -13.4740       20.4040 
   1   H17      -21.7880      -13.4630       20.3940 
   1   H18      -21.7660      -11.8590       18.4750 
   1   H19      -19.9950      -11.8650       18.4880 
   1   H20      -21.8020      -10.8750       20.7590 
   1   H21      -20.0320      -10.9100       20.8190 
   1   H22      -19.8740       -9.3090       18.9660 
   1   H23      -21.6280       -9.3440       18.7240 
   1   H24      -22.0260       -8.2800       20.8880 
   1   H25      -20.3090       -8.3500       21.3020 
   1   H26      -19.7490       -6.5380       19.9940 
   1   H27      -20.9290       -6.9050       18.7270 
   1   H28      -22.3570      -18.1160       13.0790 
   1   H29      -22.8260      -17.6430       14.7280 
   1   H30      -21.9860      -15.6900       13.5490 
   1   H31      -20.8570      -16.1120       14.8450 
   1   H32      -20.4940      -16.8970       11.8920 
   1   H33      -19.3440      -17.2180       13.2010 
   1   H34      -19.0460      -14.7450       13.5240 
   1   H35      -20.1760      -14.4450       12.1890 
   1   H36      -18.6430      -15.6260       10.6160 
   1   H37      -17.5230      -15.9590       11.9440 
   1   H38      -18.2620      -13.1790       10.8810 
   1   H39      -17.1850      -13.4790       12.2530 
   1   H40      -16.7250      -14.4430        9.3830 
   1   H41      -15.6570      -14.7900       10.7490 
   1   H42      -15.1430      -12.3610       10.9850 
   1   H43      -16.2250      -11.9990        9.6320 
   1   H44      -13.6930      -13.7270        9.4680 
   1   H45      -14.7840      -13.3910        8.1180 
   1   H46      -13.1290      -11.3180        9.6510 
   1   H47      -14.2920      -10.9190        8.3930 
   1   H48      -11.6450      -12.3870        7.9590 
   1   H49      -12.8380      -12.0540        6.6950 
   1   H50      -19.4100      -22.0000       12.6670 
   1   H51      -19.0580      -20.3810       13.3230 
   1   H52      -19.3800      -21.0840       10.3630 
   1   H53      -19.0790      -19.4560       10.9950 
   1   H54      -16.9070      -20.2170       11.9640 
   1   H55      -17.2170      -21.8620       11.3920 
   1   H56      -16.7700      -19.4010        9.6200 
   1   H57      -17.1520      -21.0230        9.0150 
   1   H58      -14.6700      -20.2650       10.6490 
   1   H59      -15.0700      -21.9050       10.1200 
   1   H60      -14.4140      -19.5350        8.2930 
   1   H61      -14.9210      -21.1330        7.7210 
   1   H62      -12.9290      -22.1710        8.8130 
   1   H63      -12.4130      -20.5870        9.4110 
   1   H64      -12.6920      -21.2810        6.4470 
   1   H65      -12.0650      -19.7740        7.1220 
   1   H66      -10.1610      -21.1430        8.1710 
   1   H67      -10.7830      -22.5540        7.3010 
   1   H68      -10.5090      -21.2470        5.1330 
   1   H69       -9.7520      -19.9500        6.0500 
   1   H70       -8.3700      -22.4980        6.6060 
   1   H71       -8.5030      -22.2230        4.8670 
   1   H72      -12.7640      -20.0250      -10.6630 
   1   H73      -13.5020      -21.4370       -9.8640 
   1   H74      -14.4810      -19.9330       -8.1300 
   1   H75      -13.7170      -18.5380       -8.9110 
   1   H76      -11.4600      -19.5550       -8.5060 
   1   H77      -12.2290      -20.9530       -7.7420 
   1   H78      -12.3030      -18.0760       -6.6840 
   1   H79      -13.1170      -19.4560       -5.9230 
   1   H80      -10.0970      -19.2370       -6.3970 
   1   H81      -10.9170      -20.5930       -5.6080 
   1   H82      -11.6050      -19.0800       -3.7300 
   1   H83      -10.7820      -17.7270       -4.5260 
   1   H84       -8.6070      -19.0080       -4.3900 
   1   H85       -9.4490      -20.3130       -3.5400 
   1   H86       -9.1330      -17.4490       -2.5060 
   1   H87       -9.9530      -18.7660       -1.6530 
   1   H88       -7.8050      -20.0470       -1.5580 
   1   H89       -6.9790      -18.7480       -2.4270 
   1   H90       -7.4540      -17.1660       -0.5580 
   1   H91       -8.3230      -18.4440        0.3100 
   1   H92       -6.1790      -19.7710        0.4360 
   1   H93       -5.3260      -18.4090       -0.3340 
   1   H94      -14.0740      -18.4200      -15.1490 
   1   H95      -12.7310      -18.2960      -13.9820 
   1   H96      -15.1570      -16.4390      -14.0520 
   1   H97      -13.7570      -16.2850      -12.9790 
   1   H98      -13.6940      -16.0870      -16.0410 
   1   H99      -12.2780      -15.9380      -14.9850 
   1  H100      -13.2130      -13.8990      -13.9510 
   1  H101      -14.7070      -14.0610      -14.8980 
   1  H102      -13.4350      -13.7500      -17.0030 
   1  H103      -11.9170      -13.6450      -16.1000 
   1  H104      -14.2440      -11.6580      -15.8720 
   1  H105      -12.7160      -11.5550      -14.9770 
   1  H106      -13.0010      -11.4780      -18.0270 
   1  H107      -11.4670      -11.4040      -17.1470 
   1  H108      -12.2020       -9.2270      -16.1070 
   1  H109      -13.7010       -9.3060      -17.0470 
   1  H110      -10.8490       -9.1330      -18.1550 
   1  H111      -12.2770       -9.3870      -19.1680 
   1  H112      -11.8610       -6.9180      -17.4140 
   1  H113      -13.1900       -7.1980      -18.5470 
   1  H114      -10.3560       -6.3560      -19.0650 
   1  H115      -10.9890       -7.5170      -20.2380 
   1  H116      -17.1100      -21.4540      -16.2570 
   1  H117      -15.9960      -20.2380      -16.9080 
   1  H118      -18.7020      -19.6380      -15.6090 
   1  H119      -18.4130      -19.7220      -17.3530 
   1  H120      -16.7750      -17.8140      -17.1580 
   1  H121      -17.1220      -17.7080      -15.4240 
   1  H122      -19.2070      -17.3400      -17.6390 
   1  H123      -19.4950      -17.1710      -15.8990 
   1  H124      -17.6000      -15.4310      -17.5690 
   1  H125      -17.8840      -15.2520      -15.8290 
   1  H126      -20.2910      -14.7350      -16.2700 
   1  H127      -20.0220      -14.9400      -18.0110 
   1  H128      -18.3900      -13.0400      -17.9780 
   1  H129      -18.6770      -12.8270      -16.2430 
   1  H130      -20.7730      -12.4850      -18.4570 
   1  H131      -21.0870      -12.2880      -16.7260 
   1  H132      -19.5440      -10.3810      -16.5990 
   1  H133      -19.0410      -10.6180      -18.2790 
   1  H134      -21.2510       -9.9980      -19.1130 
   1  H135      -21.9070       -9.9050      -17.4750 
   1  H136      -20.9920       -7.8310      -17.0460 
   1  H137      -19.5300       -8.1230      -17.9980 
   1  H138      -22.3630       -2.7050       20.7950 
   1  H139      -24.1440       -4.9800       20.6430 
   1  H140      -24.5390       -3.3840       21.0880 
   1  H141      -10.2600       -9.3070        4.7530 
   1  H142      -12.9760      -10.2440        5.0600 
   1  H143      -12.1920       -9.7910        3.6240 
   1  H144       -4.0610      -20.5840        5.6040 
   1  H145       -4.1080      -18.9040        7.3910 
   1  H146       -5.8570      -19.0890        7.5720 
   1  H147       -4.7710      -20.4350        7.9750 
   1  H148       -5.7180      -20.0840        3.0390 
   1  H149       -3.9820      -19.8030        3.2480 
   1  H150       -4.5450      -18.1250        5.0780 
   1  H151       -6.2470      -18.5400        4.9100 
   1  H152      -11.8360       -3.0230      -22.0350 
   1  H153      -21.9900       -4.5940      -20.3500 
   1  H154      -21.2060       -7.0440      -21.6750 
   1  H155      -21.8190       -5.6290      -22.3970 
   1  H156      -13.9800       -4.9410      -21.7360 
   1  H157      -14.0360       -3.4430      -22.5480 

