Run semi-empirical minimization
 &qmmm
    qm_theory='AM1', grms_tol=0.0005,
  scfconv=1.d-10,   qmcharge=2,
 /
   6     C       28.6000       35.0500       15.2800 
   6    C1       29.5400       35.4900       16.1400 
   6    C2       30.3400       34.5600       16.9200 
   6    C3       30.5400       34.7100       18.2500 
   6    C4       31.4500       33.8200       19.0600 
   6    C5       30.5700       33.3000       20.2100 
   6    C6       31.3400       32.2500       21.0300 
   6    C7       30.4700       31.5300       22.0700 
   6    C8       30.9900       32.0700       23.4200 
   6    C9       30.4700       31.5300       24.7600 
   6   C10       31.5000       31.4400       25.8900 
   6   C11       30.6900       31.4200       27.2000 
   6   C12       31.5000       31.7200       28.4700 
   6   C13       31.0600       30.8800       29.6800 
   6   C14       31.0100       29.3900       29.2700 
   6   C15       30.8500       28.5400       30.5400 
   6   C16       29.9400       27.3700       30.1200 
   6   C17       29.2900       26.3900       31.1100 
   7     N       30.1600       26.5700       32.2700 
   6   C18       31.4600       26.2000       32.5300 
   6   C19       31.7700       26.2000       33.8700 
   7    N1       30.6300       26.7500       34.4200 
   6   C20       30.4400       27.0700       35.8300 
   6   C21       31.1500       26.0400       36.7300 
   6   C22       30.3900       24.7000       36.8200 
   6   C23       28.9000       24.7800       37.1700 
   6   C24       28.0900       23.5900       37.7000 
   6   C25       28.0500       22.5100       36.6100 
   7    N2       27.4600       22.7300       35.2900 
   6   C26       26.2000       23.2900       35.2300 
   6   C27       25.9200       23.4300       33.8900 
   7    N3       27.0400       23.0400       33.1800 
   6   C28       27.1000       23.1700       31.7200 
   6   C29       26.0700       24.0300       30.9800 
   6   C30       26.3400       24.5000       29.5400 
   6   C31       26.3400       23.3900       28.4800 
   6   C32       26.1700       23.8800       27.0400 
   6   C33       25.3800       25.1100       26.5500 
   6   C34       25.1000       25.1600       25.0400 
   6   C35       24.2100       23.9600       24.7000 
   6   C36       23.6200       23.9900       23.2800 
   6   C37       23.0700       25.3400       22.8000 
   6   C38       23.8100       26.3700       21.9200 
   6   C39       22.8200       27.0000       20.9200 
   6   C40       23.3900       26.8400       19.5100 
   6   C41       22.4100       27.2700       18.4000 
   6   C42       22.8200       28.5200       17.6600 
   6   C43       23.7300       28.5100       16.6800 
   6   C44       24.3000       29.8000       16.2900 
   6   C45       25.5200       30.1600       16.7400 
   6   C46       27.9800       22.5000       34.0300 
   6   C47       29.6800       27.0600       33.4700 
   1     H       27.9300       35.8100       14.8800 
   1    H1       28.3000       34.0100       15.2700 
   1    H2       29.6200       36.5400       16.4100 
   1    H3       30.6900       33.6500       16.4300 
   1    H4       30.1200       35.5500       18.7900 
   1    H5       31.8700       33.0000       18.4600 
   1    H6       32.3000       34.4000       19.4400 
   1    H7       29.9900       34.0300       20.7900 
   1    H8       29.8600       32.7600       19.5700 
   1    H9       31.8200       31.4800       20.4100 
   1   H10       32.1800       32.8000       21.4700 
   1   H11       29.4300       31.8500       22.0100 
   1   H12       30.6400       30.4500       22.1600 
   1   H13       32.0800       31.9400       23.5200 
   1   H14       30.7200       33.1200       23.5400 
   1   H15       29.7000       32.2700       25.0100 
   1   H16       29.7700       30.7000       24.5600 
   1   H17       32.2300       30.6500       25.7200 
   1   H18       32.0600       32.3700       25.8500 
   1   H19       29.9700       32.2600       27.2100 
   1   H20       30.1300       30.4800       27.1200 
   1   H21       32.5600       31.4900       28.2800 
   1   H22       31.4400       32.7700       28.7700 
   1   H23       31.6700       30.8900       30.5900 
   1   H24       30.1600       31.2800       30.1500 
   1   H25       30.0400       29.3700       28.7700 
   1   H26       31.9000       29.2200       28.6600 
   1   H27       31.8100       28.4800       31.0600 
   1   H28       30.2000       29.0800       31.2400 
   1   H29       29.0300       27.7100       29.6000 
   1   H30       30.5500       26.7800       29.4300 
   1   H31       28.3400       26.9100       31.2800 
   1   H32       29.2600       25.3100       30.8900 
   1   H33       32.1800       26.0100       31.7400 
   1   H34       32.6800       25.9900       34.4200 
   1   H35       30.9200       27.9600       36.2700 
   1   H36       29.3600       27.0400       35.9800 
   1   H37       32.2300       25.9200       36.5800 
   1   H38       31.1100       26.2900       37.8000 
   1   H39       30.5400       24.1500       35.8800 
   1   H40       31.0200       24.0600       37.4400 
   1   H41       28.6700       25.4200       38.0300 
   1   H42       28.3300       25.0200       36.2600 
   1   H43       28.5500       23.2800       38.6500 
   1   H44       27.1200       23.9400       38.0800 
   1   H45       28.9800       21.9600       36.4400 
   1   H46       27.3200       21.7700       36.9600 
   1   H47       25.7300       23.7000       36.1100 
   1   H48       25.1600       24.0500       33.4500 
   1   H49       28.0300       23.7200       31.5300 
   1   H50       26.9800       22.1600       31.3000 
   1   H51       25.2300       23.3500       30.8300 
   1   H52       25.6300       24.8900       31.5100 
   1   H53       25.4600       25.1200       29.3100 
   1   H54       27.1400       25.2600       29.5300 
   1   H55       27.2300       22.7900       28.6800 
   1   H56       25.5800       22.6200       28.6600 
   1   H57       27.1100       24.2500       26.5900 
   1   H58       25.7000       23.0100       26.5700 
   1   H59       24.4600       25.2400       27.1400 
   1   H60       25.9300       25.9800       26.9500 
   1   H61       24.4600       26.0500       24.9700 
   1   H62       25.9500       25.3100       24.3700 
   1   H63       24.8400       23.0700       24.6700 
   1   H64       23.4700       23.8000       25.5000 
   1   H65       24.2900       23.6200       22.4900 
   1   H66       22.9300       23.1500       23.1600 
   1   H67       22.0500       25.1100       22.4600 
   1   H68       22.5300       25.8100       23.6300 
   1   H69       24.1100       27.2800       22.4500 
   1   H70       24.8200       26.0200       21.6800 
   1   H71       21.8100       26.7400       21.2600 
   1   H72       22.9600       28.0900       20.9900 
   1   H73       24.4000       27.2600       19.4000 
   1   H74       23.8300       25.8900       19.1900 
   1   H75       22.4000       26.4000       17.7300 
   1   H76       21.4500       27.3800       18.9300 
   1   H77       22.3800       29.5000       17.8400 
   1   H78       24.2700       27.6000       16.4200 
   1   H79       23.7100       30.4700       15.6700 
   1   H80       25.9500       31.1100       16.4400 
   1   H81       25.9800       29.5200       17.4900 
   1   H82       29.0400       22.4800       33.8300 
   1   H83       28.8500       27.7500       33.4900 

