Run semi-empirical minimization
 &qmmm
    qm_theory='AM1', grms_tol=0.0005,
  scfconv=1.d-10,   qmcharge=0,
 /
   6     C        1.4460       -3.7000        0.0530 
   6    C1        2.0860       -2.3680        0.5110 
   6    C2        1.0590       -1.2120        0.5980 
   8     O        3.1250       -2.0150       -0.4000 
   8    O1        0.4340       -4.1270        0.9600 
   8    O2        1.6700       -0.0090        1.0510 
   1     H        0.9210       -3.5130       -0.8840 
   1    H1        2.2120       -4.4730        0.1040 
   1    H2        2.5620       -2.5020        1.4830 
   1    H3        0.7210       -0.9890       -0.4140 
   1    H4        0.3350       -1.4660        1.3720 
   1    H5        3.9060       -1.7500        0.0910 
   1    H6        0.7380       -3.9990        1.8610 
   1    H7        1.6770        0.0050        2.0110 

